,reporting_date,daily_cases,cumulative_cases,daily_deaths,cumulative_deaths
0,15-03-2020,3,3,0,0
1,16-03-2020,2,5,0,0
2,17-03-2020,2,7,0,0
3,18-03-2020,5,12,0,0
4,19-03-2020,2,14,0,0
5,20-03-2020,1,15,0,0
6,21-03-2020,6,21,0,0
7,22-03-2020,7,28,0,0
8,23-03-2020,13,41,0,0
9,24-03-2020,10,51,0,0
10,25-03-2020,17,68,0,0
11,26-03-2020,5,73,0,0
12,27-03-2020,17,90,0,0
13,28-03-2020,20,110,0,0
14,29-03-2020,12,122,0,0
15,30-03-2020,5,127,0,0
16,31-03-2020,20,147,0,0
17,01-04-2020,26,173,0,0
18,02-04-2020,20,193,0,0
19,03-04-2020,14,207,0,0
20,04-04-2020,29,236,0,0
21,05-04-2020,26,262,0,0
22,06-04-2020,31,293,0,0
23,07-04-2020,17,310,1,1
24,08-04-2020,32,342,0,1
25,09-04-2020,31,373,1,2
26,10-04-2020,34,407,0,2
27,11-04-2020,21,428,0,2
28,12-04-2020,17,445,0,2
29,13-04-2020,29,474,1,3
30,14-04-2020,43,517,0,3
31,15-04-2020,32,549,0,3
32,16-04-2020,30,579,0,3
33,17-04-2020,27,606,1,4
34,18-04-2020,43,649,3,7
35,19-04-2020,26,675,2,9
36,20-04-2020,46,721,0,9
37,21-04-2020,16,737,1,10
38,22-04-2020,35,772,2,12
39,23-04-2020,55,827,4,16
40,24-04-2020,23,850,0,16
41,25-04-2020,15,865,6,22
42,26-04-2020,8,873,2,24
43,27-04-2020,27,900,0,24
44,28-04-2020,15,915,3,27
45,29-04-2020,20,935,1,28
46,30-04-2020,12,947,0,28
47,01-05-2020,12,959,1,29
48,02-05-2020,4,963,2,31
49,03-05-2020,8,971,6,37
50,04-05-2020,14,985,1,38
51,05-05-2020,6,991,3,41
52,06-05-2020,7,998,0,41
53,07-05-2020,9,1007,3,44
54,08-05-2020,1,1008,2,46
55,09-05-2020,3,1011,1,47
56,10-05-2020,7,1018,0,47
57,11-05-2020,1,1019,1,48
58,12-05-2020,1,1020,0,48
59,13-05-2020,4,1024,3,51
60,14-05-2020,2,1026,0,51
61,15-05-2020,8,1034,4,55
62,16-05-2020,3,1037,0,55
63,17-05-2020,3,1040,0,55
64,18-05-2020,3,1043,0,55
65,19-05-2020,1,1044,1,56
66,20-05-2020,1,1045,1,57
67,21-05-2020,1,1046,1,58
68,22-05-2020,1,1047,0,58
69,23-05-2020,1,1048,0,58
70,24-05-2020,1,1049,0,58
71,25-05-2020,1,1050,0,58
72,26-05-2020,2,1052,1,59
73,27-05-2020,1,1053,0,59
74,28-05-2020,2,1055,0,59
75,29-05-2020,0,1055,0,59
76,30-05-2020,1,1056,1,60
77,31-05-2020,0,1056,0,60
78,01-06-2020,1,1057,0,60
79,02-06-2020,0,1057,0,60
80,03-06-2020,1,1058,0,60
81,04-06-2020,0,1058,1,61
82,05-06-2020,0,1058,0,61
83,06-06-2020,0,1058,0,61
84,07-06-2020,1,1059,0,61
85,08-06-2020,0,1059,0,61
86,09-06-2020,1,1060,1,62
87,10-06-2020,1,1061,0,62
88,11-06-2020,0,1061,0,62
89,12-06-2020,0,1061,0,62
90,13-06-2020,0,1061,0,62
91,14-06-2020,0,1061,0,62
92,15-06-2020,0,1061,0,62
93,16-06-2020,0,1061,0,62
94,17-06-2020,0,1061,0,62
95,18-06-2020,0,1061,0,62
96,19-06-2020,0,1061,0,62
97,20-06-2020,0,1061,0,62
98,21-06-2020,0,1061,0,62
99,22-06-2020,0,1061,1,63
100,23-06-2020,0,1061,0,63
101,24-06-2020,0,1061,0,63
102,25-06-2020,0,1061,0,63
103,26-06-2020,0,1061,0,63
104,27-06-2020,0,1061,0,63
105,28-06-2020,0,1061,0,63
106,29-06-2020,0,1061,0,63
107,30-06-2020,1,1062,0,63
108,01-07-2020,1,1063,0,63
109,02-07-2020,1,1064,0,63
110,03-07-2020,0,1064,0,63
111,04-07-2020,0,1064,0,63
112,05-07-2020,0,1064,0,63
113,06-07-2020,1,1065,0,63
114,07-07-2020,0,1065,0,63
115,08-07-2020,1,1066,0,63
116,09-07-2020,0,1066,0,63
117,10-07-2020,0,1066,0,63
118,11-07-2020,0,1066,0,63
119,12-07-2020,0,1066,0,63
120,13-07-2020,0,1066,0,63
121,14-07-2020,0,1066,0,63
122,15-07-2020,1,1067,0,63
123,16-07-2020,0,1067,0,63
124,17-07-2020,0,1067,0,63
125,18-07-2020,0,1067,0,63
126,19-07-2020,0,1067,0,63
127,20-07-2020,0,1067,0,63
128,21-07-2020,0,1067,0,63
129,22-07-2020,0,1067,0,63
130,23-07-2020,0,1067,0,63
131,24-07-2020,0,1067,0,63
132,25-07-2020,0,1067,0,63
133,26-07-2020,0,1067,0,63
134,27-07-2020,0,1067,0,63
135,28-07-2020,0,1067,0,63
136,29-07-2020,0,1067,1,64
137,30-07-2020,0,1067,0,64
138,31-07-2020,2,1069,0,64
139,01-08-2020,0,1069,0,64
140,02-08-2020,2,1071,0,64
141,03-08-2020,0,1071,0,64
142,04-08-2020,0,1071,0,64
143,05-08-2020,0,1071,0,64
144,06-08-2020,0,1071,0,64
145,07-08-2020,0,1071,0,64
146,08-08-2020,0,1071,0,64
147,09-08-2020,0,1071,0,64
148,10-08-2020,0,1071,0,64
149,11-08-2020,0,1071,0,64
150,12-08-2020,0,1071,0,64
151,13-08-2020,0,1071,0,64
152,14-08-2020,1,1072,0,64
153,15-08-2020,2,1074,0,64
154,16-08-2020,0,1074,0,64
155,17-08-2020,1,1075,0,64
156,18-08-2020,0,1075,0,64
157,19-08-2020,1,1076,0,64
158,20-08-2020,1,1077,0,64
159,21-08-2020,0,1077,0,64
160,22-08-2020,1,1078,0,64
161,23-08-2020,2,1080,1,65
162,24-08-2020,0,1080,0,65
163,25-08-2020,0,1080,0,65
164,26-08-2020,1,1081,0,65
165,27-08-2020,0,1081,0,65
166,28-08-2020,2,1083,0,65
167,29-08-2020,0,1083,0,65
168,30-08-2020,0,1083,0,65
169,31-08-2020,2,1085,0,65
170,01-09-2020,0,1085,0,65
171,02-09-2020,0,1085,0,65
172,03-09-2020,0,1085,0,65
173,04-09-2020,0,1085,0,65
174,05-09-2020,0,1085,0,65
175,06-09-2020,0,1085,0,65
176,07-09-2020,1,1086,0,65
177,08-09-2020,0,1086,0,65
178,09-09-2020,0,1086,0,65
179,10-09-2020,0,1086,0,65
180,11-09-2020,0,1086,0,65
181,12-09-2020,0,1086,0,65
182,13-09-2020,0,1086,0,65
183,14-09-2020,0,1086,0,65
184,15-09-2020,0,1086,0,65
185,16-09-2020,0,1086,0,65
186,17-09-2020,0,1086,0,65
187,18-09-2020,0,1086,0,65
188,19-09-2020,0,1086,0,65
189,20-09-2020,0,1086,0,65
190,21-09-2020,0,1086,0,65
191,22-09-2020,1,1087,0,65
192,23-09-2020,0,1087,0,65
193,24-09-2020,0,1087,0,65
194,25-09-2020,0,1087,0,65
195,26-09-2020,0,1087,0,65
196,27-09-2020,0,1087,0,65
197,28-09-2020,0,1087,0,65
198,29-09-2020,0,1087,0,65
199,30-09-2020,1,1088,0,65
200,01-10-2020,0,1088,0,65
201,02-10-2020,1,1089,0,65
202,03-10-2020,0,1089,0,65
203,04-10-2020,0,1089,0,65
204,05-10-2020,0,1089,0,65
205,06-10-2020,0,1089,0,65
206,07-10-2020,0,1089,0,65
207,08-10-2020,0,1089,0,65
208,09-10-2020,0,1089,0,65
209,10-10-2020,3,1092,0,65
210,11-10-2020,0,1092,0,65
211,12-10-2020,0,1092,0,65
212,13-10-2020,0,1092,0,65
213,14-10-2020,0,1092,0,65
214,15-10-2020,0,1092,0,65
215,16-10-2020,1,1093,0,65
216,17-10-2020,2,1095,0,65
217,18-10-2020,2,1097,0,65
218,19-10-2020,0,1097,0,65
219,20-10-2020,0,1097,0,65
220,21-10-2020,0,1097,0,65
221,22-10-2020,0,1097,0,65
222,23-10-2020,0,1097,0,65
223,24-10-2020,3,1100,0,65
224,25-10-2020,0,1100,0,65
225,26-10-2020,1,1101,0,65
226,27-10-2020,1,1102,0,65
227,28-10-2020,0,1102,0,65
228,29-10-2020,0,1102,0,65
229,30-10-2020,2,1104,0,65
230,31-10-2020,5,1109,0,65
231,01-11-2020,2,1111,0,65
232,02-11-2020,2,1113,0,65
233,03-11-2020,1,1114,0,65
234,04-11-2020,4,1118,0,65
235,05-11-2020,1,1119,0,65
236,06-11-2020,2,1121,0,65
237,07-11-2020,4,1125,0,65
238,08-11-2020,3,1128,0,65
239,09-11-2020,1,1129,0,65
240,10-11-2020,3,1132,0,65
241,11-11-2020,2,1134,0,65
242,12-11-2020,0,1134,0,65
243,13-11-2020,2,1136,0,65
244,14-11-2020,6,1142,0,65
245,15-11-2020,2,1144,0,65
246,16-11-2020,2,1146,0,65
247,17-11-2020,5,1151,0,65
248,18-11-2020,3,1154,0,65
249,19-11-2020,1,1155,0,65
250,20-11-2020,5,1160,0,65
251,21-11-2020,8,1168,0,65
252,22-11-2020,11,1179,0,65
253,23-11-2020,11,1190,0,65
254,24-11-2020,37,1227,0,65
255,25-11-2020,16,1243,0,65
256,26-11-2020,14,1257,0,65
257,27-11-2020,8,1265,0,65
258,28-11-2020,14,1279,0,65
259,29-11-2020,10,1289,0,65
260,30-11-2020,16,1305,0,65
261,01-12-2020,10,1315,0,65
262,02-12-2020,17,1332,0,65
263,03-12-2020,11,1343,0,65
264,04-12-2020,15,1358,0,65
265,05-12-2020,6,1364,0,65
266,06-12-2020,4,1368,0,65
267,07-12-2020,8,1376,0,65
268,08-12-2020,7,1383,0,65
269,09-12-2020,6,1389,0,65
270,10-12-2020,4,1393,0,65
271,11-12-2020,9,1402,0,65
272,12-12-2020,7,1409,0,65
273,13-12-2020,6,1415,0,65
274,14-12-2020,5,1420,0,65
275,15-12-2020,6,1426,0,65
276,16-12-2020,4,1430,0,65
277,17-12-2020,6,1436,0,65
278,18-12-2020,5,1441,0,65
279,19-12-2020,2,1443,0,65
280,20-12-2020,2,1445,0,65
281,21-12-2020,2,1447,0,65
282,22-12-2020,7,1454,0,65
283,23-12-2020,4,1458,0,65
284,24-12-2020,7,1465,0,65
285,25-12-2020,0,1465,0,65
286,26-12-2020,9,1474,0,65
287,27-12-2020,3,1477,0,65
288,28-12-2020,1,1478,0,65
289,29-12-2020,2,1480,0,65
290,30-12-2020,3,1483,0,65
291,31-12-2020,3,1486,0,65
292,01-01-2021,11,1497,0,65
293,02-01-2021,2,1499,0,65
294,03-01-2021,2,1501,0,65
295,04-01-2021,4,1505,0,65
296,05-01-2021,3,1508,0,65
297,06-01-2021,12,1520,0,65
298,07-01-2021,4,1524,0,65
299,08-01-2021,2,1526,0,65
300,09-01-2021,2,1528,0,65
301,10-01-2021,0,1528,0,65
302,11-01-2021,5,1533,0,65
303,12-01-2021,1,1534,0,65
304,13-01-2021,8,1542,0,65
305,14-01-2021,6,1548,0,65
306,15-01-2021,2,1550,0,65
307,16-01-2021,4,1554,0,65
308,17-01-2021,3,1557,0,65
309,18-01-2021,0,1557,0,65
310,19-01-2021,4,1561,0,65
311,20-01-2021,3,1564,0,65
312,21-01-2021,2,1566,0,65
313,22-01-2021,4,1570,0,65
314,23-01-2021,1,1571,0,65
315,24-01-2021,0,1571,0,65
316,25-01-2021,0,1571,0,65
317,26-01-2021,1,1572,0,65
318,27-01-2021,4,1576,0,65
319,28-01-2021,0,1576,0,65
320,29-01-2021,1,1577,0,65
321,30-01-2021,3,1580,0,65
322,31-01-2021,0,1580,0,65
323,01-02-2021,1,1581,0,65
324,02-02-2021,1,1582,0,65
325,03-02-2021,1,1583,0,65
326,04-02-2021,1,1584,0,65
327,05-02-2021,0,1584,0,65
328,06-02-2021,0,1584,0,65
329,07-02-2021,1,1585,0,65
330,08-02-2021,1,1586,0,65
331,09-02-2021,1,1587,0,65
332,10-02-2021,1,1588,0,65
333,11-02-2021,2,1590,0,65
334,12-02-2021,0,1590,0,65
335,13-02-2021,2,1592,0,65
336,14-02-2021,1,1593,0,65
337,15-02-2021,1,1594,0,65
338,16-02-2021,3,1597,0,65
339,17-02-2021,4,1601,0,65
340,18-02-2021,1,1602,0,65
341,19-02-2021,2,1604,0,65
342,20-02-2021,4,1608,0,65
343,21-02-2021,1,1609,0,65
344,22-02-2021,1,1610,0,65
345,23-02-2021,3,1613,0,65
346,24-02-2021,3,1616,0,65
347,25-02-2021,8,1624,0,65
348,26-02-2021,10,1634,0,65
349,27-02-2021,4,1638,0,65
350,28-02-2021,3,1641,0,65
351,01-03-2021,1,1642,0,65
352,02-03-2021,1,1643,0,65
353,03-03-2021,3,1646,0,65
354,04-03-2021,3,1649,0,65
355,05-03-2021,2,1651,0,65
356,06-03-2021,6,1657,0,65
357,07-03-2021,2,1659,0,65
358,08-03-2021,0,1659,0,65
359,09-03-2021,5,1664,0,65
360,10-03-2021,1,1665,0,65
361,11-03-2021,0,1665,0,65
362,12-03-2021,0,1665,0,65
363,13-03-2021,4,1669,0,65
364,14-03-2021,1,1670,0,65
365,15-03-2021,0,1670,0,65
366,16-03-2021,2,1672,0,65
367,17-03-2021,2,1674,0,65
368,18-03-2021,3,1677,1,66
369,19-03-2021,3,1680,0,66
370,20-03-2021,2,1682,0,66
371,21-03-2021,6,1688,0,66
372,22-03-2021,2,1690,0,66
373,23-03-2021,1,1691,0,66
374,24-03-2021,5,1696,0,66
375,25-03-2021,3,1699,0,66
376,26-03-2021,5,1704,0,66
377,27-03-2021,5,1709,0,66
378,28-03-2021,2,1711,0,66
379,29-03-2021,0,1711,0,66
380,30-03-2021,3,1714,0,66
381,31-03-2021,2,1716,0,66
382,01-04-2021,3,1719,0,66
383,02-04-2021,9,1728,0,66
384,03-04-2021,4,1732,0,66
385,04-04-2021,7,1739,0,66
386,05-04-2021,2,1741,0,66
387,06-04-2021,6,1747,0,66
388,07-04-2021,2,1749,0,66
389,08-04-2021,5,1754,0,66
390,09-04-2021,2,1756,0,66
391,10-04-2021,7,1763,0,66
392,11-04-2021,5,1768,0,66
393,12-04-2021,7,1775,0,66
394,13-04-2021,6,1781,0,66
395,14-04-2021,2,1783,0,66
396,15-04-2021,3,1786,0,66
397,16-04-2021,6,1792,1,67
398,17-04-2021,8,1800,0,67
399,18-04-2021,7,1807,0,67
400,19-04-2021,15,1822,0,67
401,20-04-2021,9,1831,0,67
402,21-04-2021,25,1856,0,67
403,22-04-2021,38,1894,0,67
404,23-04-2021,44,1938,0,67
405,24-04-2021,52,1990,0,67
406,25-04-2021,63,2053,0,67
407,26-04-2021,66,2119,0,67
408,27-04-2021,96,2215,0,67
409,28-04-2021,75,2290,0,67
410,29-04-2021,70,2360,0,67
411,30-04-2021,67,2427,0,67
412,01-05-2021,148,2575,0,67
413,02-05-2021,133,2708,0,67
414,03-05-2021,146,2854,0,67
415,04-05-2021,153,3007,2,69
416,05-05-2021,175,3182,0,69
417,06-05-2021,182,3364,0,69
418,07-05-2021,227,3591,1,70
419,08-05-2021,163,3754,1,71
420,09-05-2021,163,3917,0,71
421,10-05-2021,117,4034,0,71
422,11-05-2021,118,4152,0,71
423,12-05-2021,145,4297,0,71
424,13-05-2021,110,4407,0,71
425,14-05-2021,117,4524,1,72
426,15-05-2021,86,4610,0,72
427,16-05-2021,126,4736,0,72
428,17-05-2021,91,4827,0,72
429,18-05-2021,90,4917,0,72
430,19-05-2021,83,5000,2,74
431,20-05-2021,65,5065,0,74
432,21-05-2021,84,5149,2,76
433,22-05-2021,63,5212,1,77
434,23-05-2021,74,5286,2,79
435,24-05-2021,49,5335,0,79
436,25-05-2021,52,5387,0,79
437,26-05-2021,37,5424,0,79
438,27-05-2021,33,5457,0,79
439,28-05-2021,40,5497,1,80
440,29-05-2021,33,5530,4,84
441,30-05-2021,20,5550,1,85
442,31-05-2021,17,5567,0,85
443,01-06-2021,12,5579,0,85
444,02-06-2021,16,5595,2,87
445,03-06-2021,23,5618,1,88
446,04-06-2021,15,5633,0,88
447,05-06-2021,18,5651,0,88
448,06-06-2021,12,5663,0,88
449,07-06-2021,17,5680,0,88
450,08-06-2021,14,5694,0,88
451,09-06-2021,13,5707,0,88
452,10-06-2021,14,5721,0,88
453,11-06-2021,8,5729,1,89
454,12-06-2021,7,5736,0,89
455,13-06-2021,6,5742,0,89
456,14-06-2021,7,5749,1,90
457,15-06-2021,2,5751,0,90
458,16-06-2021,8,5759,0,90
459,17-06-2021,14,5773,0,90
460,18-06-2021,11,5784,0,90
461,19-06-2021,5,5789,0,90
462,20-06-2021,2,5791,0,90
463,21-06-2021,0,5791,0,90
464,22-06-2021,2,5793,2,92
465,23-06-2021,0,5793,0,92
466,24-06-2021,5,5798,0,92
467,25-06-2021,16,5814,0,92
468,26-06-2021,11,5825,0,92
469,27-06-2021,3,5828,0,92
470,28-06-2021,3,5831,0,92
471,29-06-2021,1,5832,0,92
472,30-06-2021,4,5836,0,92
473,01-07-2021,4,5840,0,92
474,02-07-2021,2,5842,0,92
475,03-07-2021,8,5850,0,92
476,04-07-2021,3,5853,0,92
477,05-07-2021,1,5854,0,92
478,06-07-2021,7,5861,0,92
479,07-07-2021,1,5862,0,92
480,08-07-2021,2,5864,0,92
481,09-07-2021,1,5865,0,92
482,10-07-2021,1,5866,0,92
483,11-07-2021,4,5870,0,92
484,12-07-2021,1,5871,0,92
485,13-07-2021,-1,5870,0,92
486,14-07-2021,0,5870,0,92
487,15-07-2021,0,5870,0,92
488,16-07-2021,0,5870,0,92
489,17-07-2021,0,5870,0,92
490,18-07-2021,3,5873,0,92
491,19-07-2021,0,5873,0,92
492,20-07-2021,0,5873,0,92
493,21-07-2021,7,5880,0,92
494,22-07-2021,0,5880,1,93
495,23-07-2021,2,5882,0,93
496,24-07-2021,0,5882,0,93
497,25-07-2021,0,5882,0,93
498,26-07-2021,1,5883,0,93
499,27-07-2021,2,5885,0,93
500,28-07-2021,0,5885,0,93
501,29-07-2021,1,5886,0,93
502,30-07-2021,1,5887,0,93
503,31-07-2021,0,5887,0,93
504,01-08-2021,0,5887,0,93
505,02-08-2021,0,5887,0,93
506,03-08-2021,6,5893,0,93
507,04-08-2021,2,5895,0,93
508,05-08-2021,4,5899,0,93
509,06-08-2021,1,5900,0,93
510,07-08-2021,0,5900,0,93
511,08-08-2021,0,5900,0,93
512,09-08-2021,7,5907,0,93
513,10-08-2021,1,5908,0,93
514,11-08-2021,3,5911,0,93
515,12-08-2021,7,5918,0,93
516,13-08-2021,2,5920,0,93
517,14-08-2021,0,5920,0,93
518,15-08-2021,0,5920,0,93
519,16-08-2021,8,5928,0,93
520,17-08-2021,1,5929,0,93
521,18-08-2021,9,5938,0,93
522,19-08-2021,8,5946,0,93
523,20-08-2021,10,5956,0,93
524,21-08-2021,0,5956,0,93
525,22-08-2021,0,5956,0,93
526,23-08-2021,0,5956,0,93
527,24-08-2021,26,5982,0,93
528,25-08-2021,7,5989,1,94
529,26-08-2021,1,5990,0,94
530,27-08-2021,9,5999,0,94
531,28-08-2021,0,5999,0,94
532,29-08-2021,0,5999,0,94
533,30-08-2021,31,6030,0,94
534,31-08-2021,1,6031,0,94
535,01-09-2021,7,6038,0,94
536,02-09-2021,4,6042,0,94
537,03-09-2021,5,6047,0,94
538,04-09-2021,0,6047,0,94
539,05-09-2021,0,6047,0,94
540,06-09-2021,0,6047,0,94
541,07-09-2021,29,6076,0,94
542,08-09-2021,14,6090,0,94
543,09-09-2021,17,6107,0,94
544,10-09-2021,10,6117,0,94
545,11-09-2021,0,6117,0,94
546,12-09-2021,0,6117,0,94
547,13-09-2021,71,6188,0,94
548,14-09-2021,66,6254,0,94
549,15-09-2021,6,6260,0,94
550,16-09-2021,34,6294,0,94
551,17-09-2021,18,6312,0,94
552,18-09-2021,0,6312,0,94
553,19-09-2021,0,6312,0,94
554,20-09-2021,55,6367,0,94
555,21-09-2021,25,6392,0,94
556,22-09-2021,19,6411,0,94
557,23-09-2021,41,6452,1,95
558,24-09-2021,34,6486,0,95
559,25-09-2021,0,6486,0,95
560,26-09-2021,0,6486,0,95
561,27-09-2021,83,6569,1,96
562,28-09-2021,29,6598,1,97
563,29-09-2021,40,6638,0,97
564,30-09-2021,0,6638,0,97
565,01-10-2021,77,6715,0,97
566,02-10-2021,0,6715,0,97
567,03-10-2021,0,6715,0,97
568,04-10-2021,85,6800,0,97
569,05-10-2021,39,6839,0,97
570,06-10-2021,25,6864,1,98
571,07-10-2021,29,6893,0,98
572,08-10-2021,25,6918,0,98
573,09-10-2021,0,6918,0,98
574,10-10-2021,0,6918,0,98
575,11-10-2021,0,6918,0,98
576,12-10-2021,93,7011,0,98
577,13-10-2021,22,7033,0,98
578,14-10-2021,26,7059,0,98
579,15-10-2021,18,7077,0,98
580,16-10-2021,0,7077,0,98
581,17-10-2021,0,7077,0,98
582,18-10-2021,72,7149,0,98
583,19-10-2021,12,7161,0,98
584,20-10-2021,5,7166,0,98
585,21-10-2021,19,7185,0,98
586,22-10-2021,23,7208,0,98
587,23-10-2021,0,7208,0,98
588,24-10-2021,0,7208,0,98
589,25-10-2021,57,7265,1,99
590,26-10-2021,7,7272,1,100
591,27-10-2021,26,7298,0,100
592,28-10-2021,30,7328,0,100
593,29-10-2021,26,7354,0,100
594,30-10-2021,0,7354,0,100
595,31-10-2021,0,7354,0,100
596,01-11-2021,59,7413,1,101
597,02-11-2021,11,7424,0,101
598,03-11-2021,38,7462,0,101
599,04-11-2021,50,7512,0,101
600,05-11-2021,38,7550,0,101
601,06-11-2021,0,7550,0,101
602,07-11-2021,0,7550,0,101
603,08-11-2021,111,7661,0,101
604,09-11-2021,56,7717,1,102
605,10-11-2021,29,7746,0,102
606,11-11-2021,0,7746,0,102
607,12-11-2021,69,7815,0,102
608,13-11-2021,0,7815,0,102
609,14-11-2021,0,7815,0,102
610,15-11-2021,98,7913,1,103
611,16-11-2021,31,7944,2,105
612,17-11-2021,19,7963,0,105
613,18-11-2021,22,7985,0,105
614,19-11-2021,27,8012,0,105
615,20-11-2021,0,8012,0,105
616,21-11-2021,0,8012,0,105
617,22-11-2021,60,8072,2,107
618,23-11-2021,28,8100,0,107
619,24-11-2021,19,8119,0,107
620,25-11-2021,22,8141,1,108
621,26-11-2021,28,8169,0,108
622,27-11-2021,0,8169,0,108
623,28-11-2021,0,8169,0,108
624,29-11-2021,58,8227,1,109
625,30-11-2021,61,8288,1,110
626,01-12-2021,34,8322,0,110
627,02-12-2021,40,8362,0,110
628,03-12-2021,19,8381,0,110
629,04-12-2021,0,8381,0,110
630,05-12-2021,0,8381,0,110
631,06-12-2021,46,8427,0,110
632,07-12-2021,0,8427,0,110
633,08-12-2021,54,8481,0,110
634,09-12-2021,51,8532,0,110
635,10-12-2021,123,8655,0,110
636,11-12-2021,129,8784,0,110
637,12-12-2021,111,8895,0,110
638,13-12-2021,114,9009,0,110
639,14-12-2021,127,9136,0,110
640,15-12-2021,178,9314,0,110
641,16-12-2021,287,9601,0,110
642,17-12-2021,394,9995,0,110
643,18-12-2021,426,10421,0,110
644,19-12-2021,476,10897,0,110
645,20-12-2021,485,11382,0,110
646,21-12-2021,522,11904,0,110
647,22-12-2021,537,12441,1,111
648,23-12-2021,689,13130,0,111
649,24-12-2021,611,13741,0,111
650,25-12-2021,569,14310,0,111
651,26-12-2021,578,14888,0,111
652,27-12-2021,581,15469,0,111
653,28-12-2021,561,16030,0,111
654,29-12-2021,586,16616,0,111
655,30-12-2021,511,17127,0,111
656,31-12-2021,618,17745,0,111
657,01-01-2022,709,18454,0,111
658,02-01-2022,1184,19638,0,111
659,03-01-2022,1020,20658,0,111
660,04-01-2022,1020,21678,0,111
661,05-01-2022,842,22520,0,111
662,06-01-2022,745,23265,0,111
663,07-01-2022,678,23943,1,112
664,08-01-2022,1145,25088,0,112
665,09-01-2022,837,25925,0,112
666,10-01-2022,816,26741,3,115
667,11-01-2022,616,27357,1,116
668,12-01-2022,837,28194,1,117
669,13-01-2022,542,28736,0,117
670,14-01-2022,891,29627,0,117
671,15-01-2022,627,30254,0,117
672,16-01-2022,696,30950,0,117
673,17-01-2022,495,31445,4,121
